    Number of assemblies 
    Initial uranium content (MTU)
    Average burnup (GWDt/MTU)
    All discharged assemblies



1968
0
0
0
0.0
0.0
0.0
0.0

    

1969
94
0
94
9.6
0.0
9.6
16.7

    

1970
29
99
128
5.6
39.0
44.6
0.3

    

1971
408
101
509
64.0
39.9
103.9
8.3

    

1972
765
251
1,016
140.9
88.0
228.9
6.8

    

1973
539
166
705
90.1
67.5
157.5
13.2

    

1974
1,277
571
1,848
239.8
206.0
445.9
13.1

    

1975
1,221
790
2,011
225.6
318.7
544.3
17.1

    

1976
1,664
921
2,585
297.6
396.2
693.8
13.6

    

1977
2,047
1,092
3,139
382.8
460
842.8
17.0

    

1978
2,239
1,665
3,904
383.7
698.3
1,082.0
19.8

    

1979
2,131
1,635
3,766
399.8
708.8
1,108.6
22.5

    

1980
3,330
1,456
4,786
619.9
617.6
1,237.5
22.5

    

1981
2,467
1,547
4,014
458.7
658.3
1,117.0
24.1

    

1982
1,949
1,498
3,447
356.8
640.3
997.1
24.9

    

1983
2,646
1,771
4,417
481.8
769.1
1,250.8
27.1

    

1984
2,736
1,933
4,669
497.8
839.4
1,337.2
25.9

    

1985
2,989
2,033
5,022
542.6
859.3
1,402.0
23.6

    

1986
2,551
2,255
4,806
457.7
979.3
1,436.9
21.1

    

1987
3,316
2,567
5,883
596.2
1,096.3
1,692.5
22.7

    

1988
2,956
2,574
5,530
535.3
1,093.8
1,629.1
24.5

    

1989
3,803
2,719
6,522
691.8
1,184.6
1,876.4
22.4

    

1990
3,751
3,434
7,185
681.0
1,480.3
2,161.3
25.4

    

1991
2,926
2,804
5,730
527.1
1,218.6
1,745.8
28.2

    

1992
3,932
3,578
7,510
713.1
1,542.8
2,255.9
28.9

    

1993
3,763
3,401
7,164
678.0
1,477.0
2,155.1
30.3

    

1994
3,776
2,746
6,522
676.0
1,176.0
1,852.0
33.2

    

1995
4,391
3,736
8,127
780.6
1,626.0
2,406.5
32.8

    

1996
4,663
3,532
8,195
827.4
1,512.5
2,339.9
35.2

    

1997
3,850
3,336
7,186
673.7
1,475.6
2,149.3
35.5

    

1998
3,816
2,157
5,973
665.3
930.8
1,596.1
36.2

    

1999
4,320
3,552
7,872
752.3
1,555.5
2,307.8
35.7

    

2000
4,603
3,122
7,725
800.4
1,368.0
2,168.4
38.3

    

2001
3,617
2,892
6,509
623.7
1,268.4
1,892.1
40.1

    

2002
4,148
3,766
7,914
717.6
1,630.0
2,347.5
40.2

    

2003
4,584
3,585
8,169
792.9
1,572.0
2,364.9
39.5

    

2004
4,431
2,669
7,100
765.2
1,165.6
1,930.8
42.8

    

2005
4,075
3,705
7,780
707.0
1,626.0
2,333.0
42.8

    

2006
3,995
3,516
7,511
698.4
1,536.2
2,234.6
43.1

    

2007
4,574
2,768
7,342
805.8
1,228.7
2,034.5
43.3

    

2008
4,480
3,536
8,016
795.5
1,542.5
2,338.0
43.1

    

2009
4,389
3,672
8,061
776.1
1,613.6
2,389.7
45.1

    

2010
4,615
2,836
7,451
820.5
1,242.1
2,062.6
44.3

    

2011
4,104
3,610
7,714
728.1
1,585.6
2,313.7
45.1

    

2012
4,474
3,683
8,157
796.1
1,614.7
2,410.8
45.0


2015
4,124
3,491
7,615
733.8
1,538.7
2,272.5
45.9

    
